0 0.23007812500000002 0.5972222222222222 0.11640625 0.22222222222222224
1 0.2546875 0.3805555555555556 0.171875 0.3888888888888889
1 0.264453125 0.43472222222222223 0.18203125 0.275
1 0.263671875 0.44027777777777777 0.13203125000000002 0.18333333333333335
1 0.35390625000000003 0.42986111111111114 0.040625 0.13472222222222222
0 0.4453125 0.47361111111111115 0.07187500000000001 0.06666666666666667
0 0.55 0.5354166666666667 0.1203125 0.14583333333333334
0 0.626171875 0.7375 0.21015625000000002 0.26944444444444443
0 0.736328125 0.81875 0.24140625000000002 0.3625
0 0.95859375 0.8465277777777778 0.08281250000000001 0.29583333333333334
