0 0.2265625 0.6090277777777778 0.1203125 0.2263888888888889
1 0.259375 0.4166666666666667 0.2171875 0.36388888888888893
1 0.25234375000000003 0.44583333333333336 0.15781250000000002 0.27222222222222225
1 0.25 0.4326388888888889 0.12812500000000002 0.1875
1 0.3484375 0.44722222222222224 0.040625 0.11944444444444445
0 0.45859375 0.4826388888888889 0.0625 0.06805555555555556
0 0.534765625 0.5493055555555556 0.10859375 0.14583333333333334
0 0.634375 0.757638888888889 0.17500000000000002 0.27361111111111114
0 0.728515625 0.8305555555555556 0.25234375000000003 0.3388888888888889
0 0.953125 0.8402777777777778 0.0921875 0.3194444444444445
