0 0.22265625 0.5854166666666667 0.1125 0.22361111111111112
1 0.23593750000000002 0.37569444444444444 0.134375 0.3875
1 0.27109375 0.425 0.16718750000000002 0.2611111111111111
1 0.264453125 0.4173611111111111 0.12578125 0.16805555555555557
1 0.349609375 0.41944444444444445 0.04296875 0.125
0 0.42617187500000003 0.45625000000000004 0.07734375 0.0625
0 0.5578125 0.5305555555555556 0.115625 0.14444444444444446
0 0.6039062500000001 0.7152777777777778 0.22187500000000002 0.2555555555555556
0 0.7289062500000001 0.8055555555555556 0.2421875 0.3888888888888889
0 0.9578125000000001 0.8486111111111111 0.084375 0.29444444444444445
