0 0.2484375 0.39375 0.225 0.1875
0 0.33906250000000004 0.35833333333333334 0.0859375 0.17222222222222222
1 0.38828125 0.29375 0.21875 0.20416666666666666
1 0.3796875 0.23541666666666666 0.115625 0.2152777777777778
1 0.37226562500000004 0.22708333333333333 0.08359375000000001 0.12916666666666668
1 0.435546875 0.23541666666666666 0.03671875 0.08194444444444444
0 0.494921875 0.2590277777777778 0.06015625 0.05416666666666667
0 0.649609375 0.34305555555555556 0.08359375000000001 0.13333333333333333
0 0.671484375 0.4104166666666667 0.18671875000000002 0.19305555555555556
0 0.6199218750000001 0.7166666666666667 0.6820312500000001 0.5666666666666667
