0 0.21953125 0.5638888888888889 0.1125 0.23055555555555557
1 0.230859375 0.36458333333333337 0.13359375 0.3763888888888889
1 0.26875 0.40069444444444446 0.1625 0.2763888888888889
1 0.26953125 0.3944444444444445 0.1328125 0.19722222222222224
1 0.34453125 0.3923611111111111 0.043750000000000004 0.14305555555555557
0 0.408203125 0.42986111111111114 0.07578125000000001 0.06805555555555556
0 0.5652343750000001 0.5194444444444445 0.11796875000000001 0.16666666666666669
0 0.573828125 0.6944444444444444 0.23984375000000002 0.2638888888888889
0 0.7289062500000001 0.7923611111111112 0.21875 0.4152777777777778
0 0.94296875 0.8416666666666667 0.109375 0.31666666666666665
