0 0.3177083333333333 0.4916666666666667 0.04375 0.05555555555555556
0 0.48854166666666665 0.4847222222222222 0.04375 0.05277777777777778
0 0.5645833333333333 0.4708333333333333 0.029166666666666667 0.036111111111111115
0 0.5916666666666667 0.46944444444444444 0.03333333333333333 0.03888888888888889
0 0.6458333333333334 0.4666666666666667 0.029166666666666667 0.03333333333333333
0 0.6739583333333333 0.4638888888888889 0.022916666666666665 0.02777777777777778
8 0.7 0.43194444444444446 0.041666666666666664 0.04166666666666667
3 0.6270833333333333 0.5444444444444445 0.016666666666666666 0.03333333333333333
3 0.7395833333333334 0.5444444444444445 0.016666666666666666 0.02777777777777778
1 0.678125 0.5180555555555556 0.10625 0.08055555555555556
0 0.928125 0.5972222222222222 0.14375 0.1
