0 0.47291666666666665 0.4652777777777778 0.03333333333333333 0.04722222222222222
0 0.6010416666666667 0.4569444444444445 0.035416666666666666 0.04166666666666667
0 0.6510416666666666 0.4486111111111111 0.022916666666666665 0.030555555555555558
0 0.66875 0.4486111111111111 0.020833333333333332 0.030555555555555558
0 0.7083333333333334 0.44583333333333336 0.020833333333333332 0.025
0 0.7333333333333333 0.4444444444444445 0.016666666666666666 0.022222222222222223
8 0.75 0.42083333333333334 0.03333333333333333 0.025
3 0.6989583333333333 0.5027777777777778 0.014583333333333334 0.03333333333333333
3 0.7833333333333333 0.5013888888888889 0.0125 0.025
1 0.7375 0.48750000000000004 0.07916666666666666 0.058333333333333334
0 0.9645833333333333 0.5430555555555556 0.07083333333333333 0.075
