0 0.21054687500000002 0.45833333333333337 0.11015625000000001 0.22222222222222224
1 0.28125 0.3451388888888889 0.2984375 0.3125
1 0.259375 0.3104166666666667 0.16875 0.2847222222222222
1 0.251171875 0.3027777777777778 0.13203125000000002 0.20555555555555557
1 0.339453125 0.2847222222222222 0.039843750000000004 0.1388888888888889
0 0.38320312500000003 0.3180555555555556 0.07421875 0.061111111111111116
0 0.40234375 0.5375 0.2765625 0.2611111111111111
0 0.589453125 0.43472222222222223 0.10859375 0.17222222222222222
0 0.73984375 0.6465277777777778 0.20468750000000002 0.41250000000000003
0 0.8636718750000001 0.7958333333333334 0.26328125 0.4083333333333333
