0 0.42578125 0.20277777777777778 0.21875 0.18888888888888888
0 0.595703125 0.18472222222222223 0.08828125 0.18055555555555555
1 0.6179687500000001 0.08888888888888889 0.15156250000000002 0.17500000000000002
1 0.6335937500000001 0.08402777777777778 0.115625 0.16527777777777777
1 0.626953125 0.06041666666666667 0.08046875 0.11805555555555557
1 0.6902343750000001 0.06319444444444444 0.03515625 0.09027777777777778
0 0.7671875 0.08819444444444445 0.059375000000000004 0.043055555555555555
0 0.923046875 0.2 0.09140625000000001 0.15555555555555556
0 0.89375 0.2388888888888889 0.17343750000000002 0.2
0 0.584375 0.6236111111111111 0.83125 0.7527777777777778
