0 0.05416666666666667 0.5902777777777778 0.075 0.09166666666666667
0 0.16979166666666667 0.5972222222222222 0.052083333333333336 0.06666666666666667
0 0.2739583333333333 0.5847222222222223 0.03958333333333333 0.04722222222222222
0 0.34375 0.5819444444444445 0.041666666666666664 0.05277777777777778
0 0.4270833333333333 0.5736111111111112 0.025 0.030555555555555558
3 0.21562499999999998 0.6708333333333334 0.03125 0.075
3 0.646875 0.6611111111111111 0.022916666666666665 0.05555555555555556
3 0.6604166666666667 0.6611111111111111 0.020833333333333332 0.05555555555555556
3 0.7666666666666666 0.6680555555555556 0.025 0.058333333333333334
1 0.5645833333333333 0.6069444444444445 0.225 0.18055555555555555
0 0.9260416666666667 0.6305555555555555 0.14791666666666667 0.17222222222222222
