0 0.26640625 0.3340277777777778 0.2234375 0.18472222222222223
0 0.384375 0.29444444444444445 0.084375 0.17222222222222222
1 0.431640625 0.19861111111111113 0.21171875 0.21666666666666667
1 0.42812500000000003 0.16875 0.11093750000000001 0.2125
1 0.41875 0.16597222222222222 0.096875 0.14583333333333334
1 0.478125 0.1638888888888889 0.043750000000000004 0.10833333333333334
0 0.5484375 0.19305555555555556 0.0546875 0.05277777777777778
0 0.6996093750000001 0.2868055555555556 0.08515625 0.14583333333333334
0 0.701171875 0.3423611111111111 0.18046875 0.19583333333333333
0 0.61640625 0.6833333333333333 0.7671875 0.6333333333333333
