0 0.25820312500000003 0.4236111111111111 0.21484375 0.17777777777777778
1 0.361328125 0.3298611111111111 0.21796875000000002 0.22083333333333335
0 0.31953125000000004 0.3902777777777778 0.09843750000000001 0.17777777777777778
1 0.353515625 0.2590277777777778 0.11015625000000001 0.2152777777777778
1 0.34882812500000004 0.25416666666666665 0.08359375000000001 0.1388888888888889
1 0.40742187500000004 0.26458333333333334 0.039843750000000004 0.09027777777777778
0 0.46640625 0.2881944444444445 0.05625 0.051388888888888894
0 0.61640625 0.375 0.09062500000000001 0.14722222222222223
0 0.665625 0.4465277777777778 0.19062500000000002 0.2125
0 0.648046875 0.7368055555555556 0.6179687500000001 0.5263888888888889
