0 0.21328125 0.5180555555555556 0.109375 0.23333333333333334
1 0.2546875 0.29930555555555555 0.2 0.42083333333333334
1 0.25546875 0.36041666666666666 0.178125 0.27083333333333337
1 0.255078125 0.35347222222222224 0.13359375 0.1736111111111111
1 0.339453125 0.3472222222222222 0.04296875 0.13333333333333333
0 0.384765625 0.3791666666666667 0.07578125000000001 0.06944444444444445
0 0.574609375 0.4743055555555556 0.12109375 0.1625
0 0.48984375 0.6208333333333333 0.2578125 0.25833333333333336
0 0.7332031250000001 0.7368055555555556 0.20859375000000002 0.4513888888888889
0 0.90390625 0.8159722222222222 0.1875 0.3680555555555556
