0 0.21953125 0.5381944444444444 0.1125 0.22361111111111112
1 0.23046875 0.32916666666666666 0.1390625 0.3944444444444445
1 0.264453125 0.3819444444444445 0.16953125000000002 0.26944444444444443
1 0.264453125 0.3729166666666667 0.12109375 0.17083333333333334
1 0.34492187500000004 0.3736111111111111 0.039843750000000004 0.13333333333333333
0 0.397265625 0.40555555555555556 0.07578125000000001 0.075
0 0.5730468750000001 0.49930555555555556 0.11484375000000001 0.16805555555555557
0 0.529296875 0.6597222222222222 0.23671875 0.25833333333333336
0 0.7386718750000001 0.775 0.21796875000000002 0.45
0 0.926953125 0.8277777777777778 0.14296875 0.34444444444444444
