0 0.06354166666666666 0.4777777777777778 0.06875 0.08888888888888889
0 0.3458333333333333 0.45833333333333337 0.075 0.08888888888888889
0 0.5041666666666667 0.4388888888888889 0.05 0.061111111111111116
0 0.5416666666666666 0.43194444444444446 0.06666666666666667 0.06944444444444445
0 0.6395833333333333 0.42638888888888893 0.04583333333333333 0.05277777777777778
0 0.6739583333333333 0.41944444444444445 0.03958333333333333 0.05
8 0.7166666666666667 0.37222222222222223 0.07083333333333333 0.05555555555555556
3 0.5916666666666667 0.5625 0.025 0.058333333333333334
3 0.7854166666666667 0.5638888888888889 0.025 0.03888888888888889
1 0.684375 0.5208333333333334 0.19791666666666666 0.14166666666666666
0 0.921875 0.6277777777777778 0.15625 0.15
