0 0.036458333333333336 0.6444444444444445 0.06875 0.18333333333333335
0 0.6010416666666667 0.42083333333333334 0.03125 0.04166666666666667
0 0.7208333333333333 0.4138888888888889 0.025 0.03333333333333333
0 0.7552083333333334 0.4083333333333333 0.01875 0.02777777777777778
0 0.771875 0.4083333333333333 0.01875 0.02777777777777778
0 0.8041666666666667 0.40555555555555556 0.020833333333333332 0.02777777777777778
0 0.828125 0.4027777777777778 0.014583333333333334 0.016666666666666666
8 0.8479166666666667 0.3861111111111111 0.03333333333333333 0.02777777777777778
3 0.8 0.45416666666666666 0.0125 0.030555555555555558
1 0.8395833333333333 0.4430555555555556 0.06666666666666667 0.04722222222222222
3 0.875 0.45416666666666666 0.016666666666666666 0.025
