0 0.15625 0.375 0.05625 0.061111111111111116
3 0.2328125 0.3736111111111111 0.0140625 0.03888888888888889
4 0.303515625 0.3576388888888889 0.049218750000000006 0.04861111111111111
1 0.337890625 0.30694444444444446 0.05078125 0.05277777777777778
0 0.51328125 0.47361111111111115 0.1296875 0.13333333333333333
1 0.5734375 0.3993055555555556 0.053125000000000006 0.1125
0 0.56875 0.4548611111111111 0.0734375 0.0763888888888889
0 0.49765625 0.6472222222222223 0.178125 0.32222222222222224
3 0.755078125 0.5729166666666667 0.01953125 0.0763888888888889
1 0.8992187500000001 0.5444444444444445 0.2015625 0.525
