3 0.07708333333333334 0.6861111111111111 0.029166666666666667 0.08333333333333334
3 0.5208333333333334 0.6791666666666667 0.020833333333333332 0.058333333333333334
3 0.5354166666666667 0.675 0.029166666666666667 0.06666666666666667
3 0.6354166666666666 0.6875 0.025 0.06944444444444445
0 0.028125 0.6083333333333334 0.052083333333333336 0.07777777777777778
0 0.153125 0.5972222222222222 0.04791666666666666 0.05555555555555556
0 0.20104166666666667 0.5930555555555556 0.03958333333333333 0.05277777777777778
0 0.30104166666666665 0.5819444444444445 0.027083333333333334 0.036111111111111115
1 0.43645833333333334 0.6194444444444445 0.23541666666666666 0.17222222222222222
0 0.8791666666666667 0.6486111111111111 0.24166666666666667 0.17500000000000002
