0 0.3375 0.2569444444444445 0.2234375 0.19166666666666668
0 0.47968750000000004 0.22361111111111112 0.084375 0.17222222222222222
1 0.515234375 0.10833333333333334 0.19140625 0.2138888888888889
1 0.52109375 0.10138888888888889 0.11875000000000001 0.19722222222222224
1 0.50703125 0.09444444444444444 0.09843750000000001 0.15555555555555556
1 0.571484375 0.10486111111111111 0.030468750000000003 0.09583333333333334
0 0.6484375 0.12986111111111112 0.0578125 0.05416666666666667
0 0.7976562500000001 0.23194444444444445 0.0890625 0.14722222222222223
0 0.78828125 0.2798611111111111 0.178125 0.20694444444444446
0 0.607421875 0.64375 0.78515625 0.7125
