0 0.1640625 0.37222222222222223 0.05625 0.06666666666666667
3 0.233203125 0.375 0.01171875 0.04166666666666667
4 0.30390625000000004 0.3590277777777778 0.0484375 0.04861111111111111
1 0.342578125 0.30625 0.04609375 0.04861111111111111
0 0.5066406250000001 0.4701388888888889 0.12578125 0.12916666666666668
1 0.5734375 0.4013888888888889 0.0484375 0.10555555555555556
0 0.569921875 0.45625000000000004 0.06953125 0.07083333333333333
0 0.51015625 0.6402777777777778 0.15625 0.2972222222222222
3 0.7835937500000001 0.5833333333333334 0.021875000000000002 0.08888888888888889
1 0.899609375 0.5493055555555556 0.20078125000000002 0.5180555555555556
