0 0.19166666666666665 0.375 0.075 0.09444444444444444
0 0.29583333333333334 0.3652777777777778 0.08333333333333333 0.10833333333333334
0 0.09791666666666667 0.40555555555555556 0.19166666666666665 0.18888888888888888
3 0.18125 0.4930555555555556 0.03333333333333333 0.11388888888888889
0 0.6395833333333333 0.3611111111111111 0.03333333333333333 0.044444444444444446
0 0.7708333333333334 0.34861111111111115 0.03333333333333333 0.04166666666666667
1 0.7114583333333333 0.40972222222222227 0.36041666666666666 0.2916666666666667
3 0.8468749999999999 0.49722222222222223 0.035416666666666666 0.08888888888888889
0 0.91875 0.4652777777777778 0.1625 0.23611111111111113
0 0.8697916666666666 0.5152777777777778 0.03958333333333333 0.08611111111111111
