0 0.139453125 0.3770833333333333 0.05859375 0.06805555555555556
3 0.23203125000000002 0.3729166666666667 0.0125 0.04027777777777778
4 0.30546875 0.35694444444444445 0.051562500000000004 0.04722222222222222
1 0.34140625 0.30208333333333337 0.05 0.051388888888888894
1 0.55625 0.3965277777777778 0.0859375 0.12361111111111112
0 0.5703125 0.4534722222222222 0.059375000000000004 0.06527777777777778
0 0.5242187500000001 0.48541666666666666 0.13593750000000002 0.12083333333333333
0 0.458984375 0.6847222222222222 0.24453125 0.33611111111111114
3 0.71796875 0.5548611111111111 0.021875000000000002 0.0763888888888889
1 0.9 0.5444444444444445 0.2 0.5055555555555555
