0 0.211328125 0.4930555555555556 0.11328125 0.23055555555555557
1 0.279296875 0.30625 0.28046875 0.3458333333333333
1 0.25234375000000003 0.33333333333333337 0.17343750000000002 0.2777777777777778
1 0.25039062500000003 0.32222222222222224 0.12890625 0.18888888888888888
1 0.33906250000000004 0.32430555555555557 0.0421875 0.13472222222222222
0 0.38359375 0.35347222222222224 0.0671875 0.06527777777777778
0 0.580078125 0.4625 0.11484375000000001 0.17222222222222222
0 0.44375000000000003 0.5861111111111111 0.275 0.25277777777777777
0 0.739453125 0.6986111111111112 0.20546875 0.4305555555555556
0 0.892578125 0.80625 0.21328125 0.3875
