0 0.314453125 0.4701388888888889 0.24296875 0.20416666666666666
0 0.248046875 0.4076388888888889 0.10390625 0.1875
1 0.30195312500000004 0.3388888888888889 0.24453125 0.2555555555555556
1 0.28828125 0.2743055555555556 0.1328125 0.23472222222222222
1 0.284765625 0.2659722222222222 0.10390625 0.15416666666666667
1 0.35468750000000004 0.27222222222222225 0.0390625 0.10555555555555556
0 0.39960937500000004 0.2965277777777778 0.06171875 0.06527777777777778
0 0.574609375 0.3944444444444445 0.09453125000000001 0.15
0 0.6878906250000001 0.5326388888888889 0.17421875 0.2902777777777778
0 0.773046875 0.7597222222222223 0.44921875 0.48055555555555557
