0 0.14375 0.576388888888889 0.08333333333333333 0.09166666666666667
0 0.2916666666666667 0.5888888888888889 0.05 0.06666666666666667
0 0.375 0.5736111111111112 0.0375 0.04722222222222222
0 0.4583333333333333 0.5736111111111112 0.03333333333333333 0.04722222222222222
0 0.5302083333333333 0.5652777777777778 0.03125 0.030555555555555558
3 0.3302083333333333 0.6638888888888889 0.03125 0.07222222222222223
3 0.75625 0.6569444444444444 0.020833333333333332 0.058333333333333334
3 0.7708333333333334 0.6541666666666667 0.025 0.0638888888888889
1 0.6697916666666667 0.5944444444444444 0.22291666666666665 0.17777777777777778
3 0.8802083333333334 0.6666666666666667 0.022916666666666665 0.061111111111111116
0 0.9635416666666666 0.6375000000000001 0.07291666666666667 0.13611111111111113
