0 0.2109375 0.425 0.1203125 0.23055555555555557
0 0.346484375 0.4986111111111111 0.28046875 0.24444444444444446
1 0.27734375 0.3298611111111111 0.2984375 0.30694444444444446
1 0.25625000000000003 0.26944444444444443 0.16875 0.275
1 0.25078125 0.2743055555555556 0.13125 0.19583333333333333
1 0.3375 0.2548611111111111 0.045312500000000006 0.1375
0 0.38320312500000003 0.2868055555555556 0.07734375 0.06527777777777778
0 0.5925781250000001 0.40625 0.11328125 0.17916666666666667
0 0.7449218750000001 0.5923611111111111 0.20390625 0.3819444444444445
0 0.83203125 0.775 0.328125 0.45
